100
5937
9267
8650
4661
65050
61514
61569
65439
5947
11457
13972
12474
7883
2609
64915
65442
4060
9931
14751
16246
13740
8483
3042
55
946
5232
10761
14756
15167
11670
5824
313
63180
64458
3323
8488
11676
11095
6777
564
60748
58589
60396
65012
4374
6893
5527
664
59933
55042
53647
56173
61150
388
2418
509
60932
54924
50781
50372
53769
59209
63955
89
63357
58219
52697
49485
50171
54469
60355
65051
841
63813
58744
53794
51544
53277
58353
64520
3470
4334
1405
61901
57467
56066
58657
64257
4886
8900
9089
5639
500
61976
61231
64415
4688
10531
13785
13077
8946
3581
65292
65013
3010
8750
13997
16274
14527
9641
4008
362
452
4190
9691
14199
15416
12631
7059
1255
63406
63899
2291
7531
11306
11540
7872
1828
61621
58700
59747
63974
3509
6677
6121
1834
61164
55789
53597
55401
60079
65121
2316
1198
62116
56060
51348
50122
52848
58085
63191
70
64101
59369
53694
49841
49707
53399
59184
64331
899
64596
59841
54639
51690
52614
57163
63336
2822
4489
2236
62952
58173
56030
57840
63000
3745
8374
9378
6546
1531
62576
61056
63502
3431
9496
13433
13538
9958
4617
280
64743
2053
7550
13121
16134
15183
10768
5057
825
111
3220
8580
13504
15499
13475
8284
2297
63794
63483
1315
6513
10788
11823
8868
3106
62612
58976
59230
62972
2564
6306
6560
2924
62430
56668
53713
54748
59023
64221
2053
1742
63239
57252
52061
50037
52032
56956
62316
65425
64711
60479
54768
50353
49402
52415
57986
63483
793
65256
60919
55578
51998
52103
56040
62105
2034
4480
2960
64005
58990
56158
57162
61791
2536
7696
9506
7363
2584
63300
61047
62714
2200
8373
12922
13846
10897
5695
940
64637
1205
6352
12137
15829
15695
11842
6167
1435
65466
2345
7451
12688
15414
14188
9476
3420
64338
63220
415
5457
10135
11939
9747
4372
63702
59415
58859
62027
1562
5789
6836
3915
63708
57664
53996
54230
58005
63245
1637
2130
64281
58477
52905
50120
51337
55845
61346
65084
65174
61528
55895
51009
49262
51539
56786
62526
523
244
61955
56590
52459
51751
55005
60848
1121
4305
3560
65036
59897
56447
56636
60650
1279
6879
9470
8069
3635
64131
61202
62066
1016
7183
12259
13992
11742
6792
1723
64695
485
5181
11067
15365
16051
12839
7317
2179
65447
1581
6327
11767
15164
14755
10612
4604
65027
63118
65148
4386
9363
11889
10494
5603
64872
60009
58643
61162
524
5140
6947
4788
64972
58759
54441
53860
57048
62213
1078
2356
65223
59712
53866
50369
50780
54775
60304
64590
65481
62494
57053
51796
49290
50785
55605
61476
94
621
62927
57653
53062
51564
54079
59589
97
3967
4022
486
60875
56886
56269
59599
0
5937
9267
8650
4661
65050
61514
61569
65439
5947
11457
13972
12474
7883
2609
64915
65442
4060
9931
14751
16246
13740
8483
3042
55
946
5232
10761
14756
15167
11670
5824
313
63180
64458
3323
8488
11676
11095
6777
564
60748
58589
60396
65012
4374
6893
5527
664
59933
55042
53647
56173
61150
388
2418
509
60932
54924
50781
50372
53769
59209
63955
89
63357
58219
52697
49485
50171
54469
60355
65051
841
63813
58744
53794
51544
53277
58353
64520
3470
4334
1405
61901
57467
56066
58657
64257
4886
8900
9089
5639
500
61976
61231
64415
4688
10531
13785
13077
8946
3581
65292
65013
3010
8750
13997
16274
14527
9641
4008
362
452
4190
9691
14199
15416
12631
7059
1255
63406
63899
2291
7531
11306
11540
7872
1828
61621
58700
59747
63974
3509
6677
6121
1834
61164
55789
53597
55401
60079
65121
2316
1198
62116
56060
51348
50122
52848
58085
63191
70
64101
59369
53694
49841
49707
53399
59184
64331
899
64596
59841
54639
51690
52614
57163
63336
2822
4489
2236
62952
58173
56030
57840
63000
3745
8374
9378
6546
1531
62576
61056
63502
3431
9496
13433
13538
9958
4617
280
64743
2053
7550
13121
16134
15183
10768
5057
825
111
3220
8580
13504
15499
13475
8284
2297
63794
63483
1315
6513
10788
11823
8868
3106
62612
58976
59230
62972
2564
6306
6560
2924
62430
56668
53713
54748
59023
64221
2053
1742
63239
57252
52061
50037
52032
56956
62316
65425
64711
60479
54768
50353
49402
52415
57986
63483
793
65256
60919
55578
51998
52103
56040
62105
2034
4480
2960
64005
58990
56158
57162
61791
2536
7696
9506
7363
2584
63300
61047
62714
2200
8373
12922
13846
10897
5695
940
64637
1205
6352
12137
15829
15695
11842
6167
1435
65466
2345
7451
12688
15414
14188
9476
3420
64338
63220
415
5457
10135
11939
9747
4372
63702
59415
58859
62027
1562
5789
6836
3915
63708
57664
53996
54230
58005
63245
1637
2130
64281
58477
52905
50120
51337
55845
61346
65084
65174
61528
55895
51009
49262
51539
56786
62526
523
244
61955
56590
52459
51751
55005
60848
1121
4305
3560
65036
59897
56447
56636
60650
1279
6879
9470
8069
3635
64131
61202
62066
1016
7183
12259
13992
11742
6792
1723
64695
485
5181
11067
15365
16051
12839
7317
2179
65447
1581
6327
11767
15164
14755
10612
4604
65027
63118
65148
4386
9363
11889
10494
5603
64872
60009
58643
61162
524
5140
6947
4788
64972
58759
54441
53860
57048
62213
1078
2356
65223
59712
53866
50369
50780
54775
60304
64590
65481
62494
57053
51796
49290
50785
55605
61476
94
621
62927
57653
53062
51564
54079
59589
97
3967
4022
486
60875
56886
56269
59599
0
5937
9267
8650
4661
65050
61514
61569
65439
5947
11457
13972
12474
7883
2609
64915
65442
4060
9931
14751
16246
13740
8483
3042
55
946
5232
10761
14756
15167
11670
5824
313
63180
64458
3323
8488
11676
11095
6777
564
60748
58589
60396
65012
4374
6893
5527
664
59933
55042
53647
56173
61150
388
2418
509
60932
54924
50781
50372
53769
59209
63955
89
63357
58219
52697
49485
50171
54469
60355
65051
841
63813
58744
53794
51544
53277
58353
64520
3470
4334
1405
61901
57467
56066
58657
64257
4886
8900
9089
5639
500
61976
61231
64415
4688
10531
13785
13077
8946
3581
65292
65013
3010
8750
13997
16274
14527
9641
4008
362
452
4190
9691
14199
15416
